[UART]
TERMINALMODE = 0

[RPMCTRL]
RPMCTRLENABLE = 1
LOWPASS = 0.100000
KALEFT = 1.000000
KPLEFT = 0.629402
TNLEFT = 0.301907
TDLEFT = 0.611789
KARIGHT = 1.000000
KPRIGHT = 0.470583
TNRIGHT = 0.232542
TDRIGHT = 0.608680
CORRLEFTSHORT = 1.076172
CORRLEFTLONG = 0.933898
CORRRIGHTSHORT = 1.095425
CORRRIGHTLONG = 0.919869

[PERIODS]
LATLON = 1200
TIME = 65535
DATE = 65535
HEADING = 400
ENCODERS = 400
ODOMETRY = 0
